1497762464
1270570754
1302437449
1440565435
157793396
361326501
1462296030
632334473
1465675967
1510783012
1471865596
1439215748
1494828137
1505844962
1511556930
1116487308
646787434
1434054869
1458858435
1509948238
1505783324
1016622858
930328476
1502408123
288030278
1479415193
1090244837
729430132
1291058235
1497622924
1511037286
1078431985
880224490
1482716429
1467379127
1511202154
505137388
1190418346
1478484827
1497802113
1509519145
1087084801
1496853931
376565845
1450634057
1112706799
1485250501
1350297574
1503581552
1451847427
1221040832
1311004083
1448292601
1467489129
1333984769
1072938659
727826973
831069884
1133068655
1509325944
1042165178
1441501781
1475367137
1087272594
617028866
1396095945
1480117786
1478970872
1359946878
1346788162
1445916381
731784883
1482973595
979054439
1082747004
1506331521
278932419
1476410800
1465988663
1231619938
972278110
491374523
1201302397
1017586333
961280048
934552872
1330501911
1474822385
1386302898
387385712
1202469920
1106677529
1510388435
1254086321
1371424770
677440523
559788668
1206406915
1455653797
1446024914
1247718660
1487145951
558194530
1511587195
1401017216
1191360437
1511409114
1463128591
1512219605
1471679636
1047970546
94793843
1440149578
1476844445
1082234332
1125785164
1477850699
608614435
1372294005
1449669906
362115318
437608292
1290971833
1510676395
1506965466
1315040130
1508006520
1126197715
79687345
1443417194
477534265
1194834764
1492134933
1247366170
1304699450
253809240
1510239526
1445931962
1480770652
1220200987
1449000632
1197924737
1460206702
1439751014
107541824
631871344
1148570190
1101332428
1506651858
879989813
1275172907
120315823
462197954
1460157002
561124694
1344626438
470623182
1510840337
1509501056
358731231
940288964
1196134359
413505303
905155742
854048502
1014257063
1001659715
987637310
1181600604
1485473929
1503837381
1493309825
1441998476
652113830
1501672428
1486770153
1409394887
1213946592
285097604
1511234645
1504545456
1511804665
1143845868
955266263
1509771325
1120716530
1505419097
1477674390
1461515071
897720614
1455733180
1510820746
877672766
1095013228
788236947
1487877826
1476583817
1503981919
1474359464
1201968027
1420285901
1212124420
472939437
1223799338
1481398762
1304057365
1450779291
657476401
1493353598
268565125
121493685
1479120204
1352819961
1056952502
258401691
1506654127
275377513
1316200737
1488187430
1509840088
891802835
1483563171
1442175861
1096830182
1192914201
1215553858
121493688
1499897111
1510616049
1506817736
1501690016
1132855282
1330279268
1088906982
1368608676
907498330
1453218334
1032569418
1459017391
1215386938
412308823
1236941416
626905230
1494336314
965404693
1048766030
1444011602
1439846715
1477526614
1503705068
376177375
617026919
617028159
492502162
1478825331
319282560
1355469083
1504342354
1322283290
1510808428
1092456560
1508840777
786327990
1437537330
1511210255
1500035982
122118609
1394104471
1331238954
1489814948
1481506892
465074853
1498271844
566887511
716719595
1477239812
1500649157
1491659085
301350934
420907455
1041258194
1513081940
1459939394
1272911285
1517440771
1447190305
1346815183
1272911285
1519550423
1514616745
420108421
518190148
1281885087
652457835
1328005034
1513815977
1350018791
1523321566
435417404
725700990
1020669587
1517861929
794200252
1209254935
1462587848
1375027487
1167867578
1221406139
1084700219
946011165
1281031248
1522218180
593273396
1486617290
1519015868
1498280750
1482244191
1508948840
1437920168
1498574395
1128873221
1499146695
1498337415 
1499945708
373571818 
1497929962
1436903575
1496063858 
1502040695 
1481006967
481006796
1503602472
1502514887 
1460132745
1498284120 
761157889
1449313470
1065197068
984029040 
955398892
1243733280
1447045822
1455987408
606541813
1028876625
1075966273
1146400669
1269446912
1212620844
129950494
1303714264
1458866426
1508039906
264366139
296101320
541905211
608018561 
610314174 
1436167591
1514009373
1357890693
1350505373
473932888
1455162445
413686353
286538832
1455925281
1108468608
1499180708 
479448284
888521993
349457296
1348326025
1449460644
1181208754
991877849
1371382659
1451284178
1493394991
1522696243
1524292585
541674753
1460812922
301721992
1384625871
1510380388
1052974155
1492353829
470623182
160904630
